### PREM

| Depth ({math}`km`) | Vp ({math}`km/s`)  | Vs ({math}`km/s`)  | Density ({math}`g/cm^3`) | {math}`\mathbf{Q_\kappa}` |  {math}`\mathbf{Q_\mu}` |
|--------|----------|---------|----------|-------|-----|
| 0      | 5.8      | 3.2     | 2.6      | 1456  | 600 |
| 15     | 5.8      | 3.2     | 2.6      | 1456  | 600 |
| 15     | 6.8      | 3.9     | 2.9      | 1350  | 600 |
| 24.4   | 6.8      | 3.9     | 2.9      | 1350  | 600 |
| 24.4   | 8.11061  | 4.49094 | 3.38076  | 1446  | 600 |
| 40     | 8.10119  | 4.48486 | 3.37906  | 1446  | 600 |
| 60     | 8.08907  | 4.47715 | 3.37688  | 1447  | 600 |
| 80     | 8.07688  | 4.46953 | 3.37471  | 195   | 80  |
| 115    | 8.0554   | 4.45643 | 3.37091  | 195   | 80  |
| 150    | 8.0337   | 4.44361 | 3.3671   | 195   | 80  |
| 185    | 8.0118   | 4.43108 | 3.3633   | 195   | 80  |
| 220    | 7.9897   | 4.41885 | 3.3595   | 195   | 80  |
| 220    | 8.55896  | 4.64391 | 3.43578  | 362   | 143 |
| 265    | 8.64552  | 4.6754  | 3.46264  | 365   | 143 |
| 310    | 8.73209  | 4.7069  | 3.48951  | 367   | 143 |
| 355    | 8.81867  | 4.7384  | 3.51639  | 370   | 143 |
| 400    | 8.90522  | 4.76989 | 3.54325  | 372   | 143 |
| 400    | 9.13397  | 4.93259 | 3.72378  | 366   | 143 |
| 450    | 9.3899   | 5.07842 | 3.78678  | 365   | 143 |
| 500    | 9.64588  | 5.22428 | 3.8498   | 364   | 143 |
| 550    | 9.90185  | 5.37014 | 3.91282  | 363   | 143 |
| 600    | 10.15782 | 5.51602 | 3.97584  | 362   | 143 |
| 635    | 10.21203 | 5.54311 | 3.98399  | 362   | 143 |
| 670    | 10.26622 | 5.5702  | 3.99214  | 362   | 143 |
| 670    | 10.75131 | 5.94508 | 4.38071  | 759   | 312 |
| 721    | 10.91005 | 6.09418 | 4.41241  | 744   | 312 |
| 771    | 11.06557 | 6.24046 | 4.44317  | 730   | 312 |
| 871    | 11.2449  | 6.31091 | 4.50372  | 737   | 312 |
| 971    | 11.4156  | 6.37813 | 4.56307  | 743   | 312 |
| 1071   | 11.57828 | 6.44232 | 4.62129  | 750   | 312 |
| 1171   | 11.73357 | 6.5037  | 4.67844  | 755   | 312 |
| 1271   | 11.88209 | 6.5625  | 4.7346   | 761   | 312 |
| 1371   | 12.02445 | 6.61891 | 4.78983  | 766   | 312 |
| 1471   | 12.16126 | 6.67317 | 4.84422  | 770   | 312 |
| 1571   | 12.29316 | 6.72548 | 4.89783  | 775   | 312 |
| 1671   | 12.42075 | 6.77606 | 4.95073  | 779   | 312 |
| 1771   | 12.54466 | 6.82512 | 5.00299  | 784   | 312 |
| 1871   | 12.6655  | 6.87289 | 5.05469  | 788   | 312 |
| 1971   | 12.78389 | 6.91957 | 5.1059   | 792   | 312 |
| 2071   | 12.90045 | 6.96538 | 5.15669  | 795   | 312 |
| 2171   | 13.01579 | 7.01053 | 5.20713  | 799   | 312 |
| 2271   | 13.13055 | 7.05525 | 5.25729  | 803   | 312 |
| 2371   | 13.24532 | 7.09974 | 5.30724  | 807   | 312 |
| 2471   | 13.36074 | 7.14423 | 5.35706  | 811   | 312 |
| 2571   | 13.47742 | 7.18892 | 5.40681  | 815   | 312 |
| 2671   | 13.59597 | 7.23403 | 5.45657  | 819   | 312 |
| 2741   | 13.68041 | 7.26597 | 5.49145  | 822   | 312 |
| 2771   | 13.68753 | 7.26575 | 5.50642  | 823   | 312 |
| 2871   | 13.71168 | 7.26486 | 5.55641  | 826   | 312 |
| 2891   | 13.7166  | 7.26466 | 5.56645  | 826   | 312 |
| 2891   | 8.06482  | 0       | 9.90349  | 57822 | 0   |
| 2971   | 8.19939  | 0       | 10.0294  | 57822 | 0   |
| 3071   | 8.36019  | 0       | 10.18134 | 57822 | 0   |
| 3171   | 8.51298  | 0       | 10.32726 | 57822 | 0   |
| 3271   | 8.65805  | 0       | 10.46727 | 57822 | 0   |
| 3371   | 8.79573  | 0       | 10.60152 | 57822 | 0   |
| 3471   | 8.92632  | 0       | 10.73012 | 57822 | 0   |
| 3571   | 9.05015  | 0       | 10.85321 | 57822 | 0   |
| 3671   | 9.16752  | 0       | 10.97091 | 57822 | 0   |
| 3771   | 9.27867  | 0       | 11.08335 | 57822 | 0   |
| 3871   | 9.38418  | 0       | 11.19067 | 57822 | 0   |
| 3971   | 9.48409  | 0       | 11.29298 | 57822 | 0   |
| 4071   | 9.57881  | 0       | 11.39042 | 57822 | 0   |
| 4171   | 9.66865  | 0       | 11.48311 | 57822 | 0   |
| 4271   | 9.75393  | 0       | 11.57119 | 57822 | 0   |
| 4371   | 9.83496  | 0       | 11.65478 | 57822 | 0   |
| 4471   | 9.91206  | 0       | 11.73401 | 57822 | 0   |
| 4571   | 9.98554  | 0       | 11.809   | 57822 | 0   |
| 4671   | 10.05572 | 0       | 11.8799  | 57822 | 0   |
| 4771   | 10.12291 | 0       | 11.94682 | 57822 | 0   |
| 4871   | 10.18743 | 0       | 12.00989 | 57822 | 0   |
| 4971   | 10.24959 | 0       | 12.06924 | 57822 | 0   |
| 5071   | 10.30971 | 0       | 12.125   | 57822 | 0   |
| 5149.5 | 10.35568 | 0       | 12.16634 | 57822 | 0   |
| 5149.5 | 11.02827 | 3.50432 | 12.7636  | 445   | 85  |
| 5171   | 11.03643 | 3.51002 | 12.77493 | 445   | 85  |
| 5271   | 11.07249 | 3.53522 | 12.82501 | 443   | 85  |
| 5371   | 11.10542 | 3.55823 | 12.87073 | 440   | 85  |
| 5471   | 11.13521 | 3.57905 | 12.91211 | 439   | 85  |
| 5571   | 11.16186 | 3.59767 | 12.94912 | 437   | 85  |
| 5671   | 11.18538 | 3.61411 | 12.98178 | 436   | 85  |
| 5771   | 11.20576 | 3.62835 | 13.01009 | 434   | 85  |
| 5871   | 11.22301 | 3.64041 | 13.03404 | 433   | 85  |
| 5971   | 11.23712 | 3.65027 | 13.05364 | 432   | 85  |
| 6071   | 11.24809 | 3.65794 | 13.06888 | 432   | 85  |
| 6171   | 11.25593 | 3.66342 | 13.07977 | 431   | 85  |
| 6271   | 11.26064 | 3.6667  | 13.0863  | 431   | 85  |
| 6371   | 11.2622  | 3.6678  | 13.08848 | 431   | 85  |
